10 20 30 40 50 60 70 80 90 80 70 60 50 40
21 31 41 51 61 71 81 90 81 71 61 51 41 31
32 42 52 62 72 82 90 82 72 62 52 42 32 22
43 53 63 73 83 90 83 73 63 53 43 33 23 13
54 64 74 84 90 84 74 64 54 44 34 24 14 04
x0 x0 65 75 85 75 65 55 45 35 25 15 05 x0
x0 x0 x0 56 66 56 46 36 26 16 06 x0 x0 x0
x0 x0 x0 x0 90 90 90 90 90 x0 x0 x0 x0 x0
11 21 31 41 51 61 71 81 90 81 71 61 51 41
22 32 42 52 62 72 82 x0 x0 82 72 62 52 42
33 43 53 63 73 83 x0 x0 x0 83 73 63 53 43
44 54 64 74 84 x0 x0 x0 x0 x0 84 74 64 54
x0 35 45 55 65 x0 x0 90 x0 x0 65 55 45 35
x0 x0 26 36 46 56 66 76 66 56 46 36 26 x0
x0 x0 x0 27 37 47 57 67 57 47 37 27 x0 x0