x0 x0 x0 x0 x0 x0 x0 x0 x0 x0 x0 x0 x0 x0
x0 x0 x0 x0 x0 x0 x0 x0 x0 x0 x0 x0 x0 x0

90 90 90 90 90 90 90 90 90 90 90 90 90 90
01 02 03 04 05 06 x0 x0 01 02 03 04 05 06
11 12 13 14 15 16 x0 x0 11 12 13 14 15 16
21 22 23 24 25 26 x0 x0 21 22 23 24 25 26
31 32 33 34 35 36 x0 x0 31 32 33 34 35 36
41 42 43 44 45 46 x0 x0 41 42 43 44 45 46
51 52 53 54 55 56 x0 x0 51 52 53 54 55 56
61 62 63 64 65 66 x0 x0 61 62 63 64 65 66
71 72 73 74 75 76 x0 x0 71 72 73 74 75 76
81 82 83 84 85 86 x0 x0 81 82 83 84 85 86